sample_ID	year	sampling_date	departement	AMISULBROM_SSSHAM	AMISULBROM_SHAM	S34L	AOX	AMETOC	AMISUL
12-047	2012	25/06/12	21	0	NA	NA	0	NA	NA
12-049	2012	25/06/12	21	0	NA	NA	0	NA	NA
12-050	2012	25/06/12	21	1	NA	NA	1	NA	NA
12-051	2012	25/06/12	21	0	NA	NA	0	NA	NA
12-070	2012	02/07/12	30	0	NA	NA	0	NA	NA
12-071	2012	03/07/12	84	0	NA	NA	0	NA	NA
12-077	2012	03/07/12	39	0	NA	NA	0	NA	NA
12-104	2012	09/07/12	74	0	NA	NA	0	NA	NA
12-105	2012	06/07/12	26	0	NA	NA	0	NA	NA
12-106	2012	09/07/12	71	0	NA	NA	0	NA	NA
12-107	2012	09/07/12	71	0	NA	NA	0	NA	NA
12-109	2012	09/07/12	71	0	NA	NA	0	NA	NA
12-110	2012	09/07/12	71	0	NA	NA	0	NA	NA
12-111	2012	09/07/12	71	0	NA	NA	0	NA	NA
12-119	2012	09/07/12	16	0	NA	NA	0	NA	NA
12-120	2012	09/07/12	17	0	NA	NA	0	NA	NA
12-121	2012	09/07/12	16	0	NA	NA	0	NA	NA
12-123	2012	09/07/12	16	0	NA	NA	0	NA	NA
12-124	2012	09/07/12	17	1	NA	NA	1	NA	NA
12-125	2012	09/07/12	17	0	NA	NA	0	NA	NA
12-126	2012	09/07/12	17	0	NA	NA	0	NA	NA
12-136	2012	16/07/12	89	0	NA	NA	0	NA	NA
12-137	2012	16/07/12	89	0	NA	NA	0	NA	NA
12-138	2012	16/07/12	89	0	NA	NA	0	NA	NA
12-139	2012	16/07/12	89	0	NA	NA	0	NA	NA
12-141	2012	16/07/12	37	0	NA	NA	0	NA	NA
12-150	2012	17/07/12	18	0	NA	NA	0	NA	NA
12-152	2012	17/07/12	51	0	NA	NA	0	NA	NA
12-153	2012	17/07/12	30	0	NA	NA	0	NA	NA
12-154	2012	17/07/12	51	0	NA	NA	0	NA	NA
12-155	2012	16/07/12	51	0	NA	NA	0	NA	NA
12-156	2012	16/07/12	51	0	NA	NA	0	NA	NA
12-168	2012	18/07/12	67	0	NA	NA	0	NA	NA
12-169	2012	18/07/12	68	0	NA	NA	0	NA	NA
12-170	2012	18/07/12	68	0	NA	NA	0	NA	NA
12-172	2012	16/07/12	39	0	NA	NA	0	NA	NA
12-173	2012	16/07/12	39	0	NA	NA	0	NA	NA
12-174	2012	18/07/12	39	0	NA	NA	0	NA	NA
12-183	2012	19/07/12	26	0	NA	NA	0	NA	NA
12-184	2012	19/07/12	26	0	NA	NA	0	NA	NA
12-185	2012	19/07/12	26	0	NA	NA	0	NA	NA
12-188	2012	16/07/12	17	0	NA	NA	0	NA	NA
12-189	2012	16/07/12	17	0	NA	NA	0	NA	NA
12-201	2012	23/07/12	84	0	NA	NA	0	NA	NA
12-203	2012	23/07/12	33	0	NA	NA	0	NA	NA
12-204	2012	23/07/12	33	0	NA	NA	0	NA	NA
12-205	2012	23/07/12	21	0	NA	NA	0	NA	NA
12-208	2012	23/07/12	32	0	NA	NA	0	NA	NA
12-210	2012	24/07/12	10	0	NA	NA	0	NA	NA
12-211	2012	24/07/12	10	0	NA	NA	0	NA	NA
12-214	2012	23/07/12	81	0	NA	NA	0	NA	NA
12-215	2012	23/07/12	81	0	NA	NA	0	NA	NA
12-216	2012	23/07/12	33	0	NA	NA	0	NA	NA
12-217	2012	24/07/12	47	0	NA	NA	0	NA	NA
12-218	2012	24/07/12	33	0	NA	NA	0	NA	NA
12-219	2012	23/07/12	49	0	NA	NA	0	NA	NA
12-229	2012	27/07/12	21	0	NA	NA	0	NA	NA
12-230	2012	24/07/12	67	0	NA	NA	0	NA	NA
12-231	2012	23/07/12	2	0	NA	NA	0	NA	NA
12-232	2012	24/07/12	2	0	NA	NA	0	NA	NA
12-233	2012	24/07/12	2	0	NA	NA	0	NA	NA
12-242	2012	25/07/12	24	0	NA	NA	0	NA	NA
12-243	2012	25/07/12	24	0	NA	NA	0	NA	NA
12-244	2012	26/07/12	40	0	NA	NA	0	NA	NA
12-245	2012	26/07/12	40	0	NA	NA	0	NA	NA
12-247	2012	18/07/12	30	0	NA	NA	0	NA	NA
12-248	2012	30/07/12	33	0	NA	NA	0	NA	NA
12-250	2012	30/07/12	71	0	NA	NA	0	NA	NA
12-251	2012	30/07/12	71	0	NA	NA	0	NA	NA
12-254	2012	30/07/12	51	0	NA	NA	0	NA	NA
12-255	2012	30/07/12	51	1	NA	NA	1	NA	NA
12-256	2012	30/07/12	51	0	NA	NA	0	NA	NA
12-258	2012	31/07/12	33	0	NA	NA	0	NA	NA
12-259	2012	31/07/12	33	0	NA	NA	0	NA	NA
12-260	2012	31/07/12	33	0	NA	NA	0	NA	NA
12-261	2012	31/07/12	33	0	NA	NA	0	NA	NA
12-273	2012	07/08/12	33	0	NA	NA	0	NA	NA
12-274	2012	07/08/12	33	0	NA	NA	0	NA	NA
12-275	2012	07/08/12	33	0	NA	NA	0	NA	NA
12-287	2012	31/07/12	17	0	NA	NA	0	NA	NA
12-288	2012	31/07/12	33	0	NA	NA	0	NA	NA
12-292	2012	13/08/12	39	0	NA	NA	0	NA	NA
12-310	2012	22/08/12	44	0	NA	NA	0	NA	NA
12-311	2012	21/08/12	46	0	NA	NA	0	NA	NA
12-324	2012	21/08/12	33	0	NA	NA	0	NA	NA
12-328	2012	22/08/12	69	1	NA	NA	1	NA	NA
12-329	2012	22/08/12	69	0	NA	NA	0	NA	NA
12-330	2012	22/08/12	69	0	NA	NA	0	NA	NA
12-331	2012	22/08/12	69	0	NA	NA	0	NA	NA
12-332	2012	22/08/12	69	0	NA	NA	0	NA	NA
12-340	2012	07/08/12	44	0	NA	NA	0	NA	NA
12-345	2012	03/09/12	32	0	NA	NA	0	NA	NA
12-346	2012	03/09/12	32	0	NA	NA	0	NA	NA
12-347	2012	03/09/12	10	0	NA	NA	0	NA	NA
12-351	2012	28/08/12	65	0	NA	NA	0	NA	NA
12-368	2012	17/09/12	10	0	NA	NA	0	NA	NA
12-394	2012	24/09/12	49	0	NA	NA	0	NA	NA
12-398	2012	25/09/12	44	0	NA	NA	0	NA	NA
12-399	2012	25/09/12	44	0	NA	NA	0	NA	NA
12-400	2012	25/09/12	44	0	NA	NA	0	NA	NA
12-401	2012	25/09/12	44	0	NA	NA	0	NA	NA
12-402	2012	25/09/12	44	0	NA	NA	0	NA	NA
12-412	2012	25/09/12	51	0	NA	NA	0	NA	NA
12-437	2012	02/10/12	16	0	NA	NA	0	NA	NA
13-017	2013	25/06/13	30	0	0	NA	0	NA	0
13-029	2013	08/07/13	30	0	0	NA	0	NA	0
13-030	2013	08/07/13	84	0	0	NA	0	NA	0
13-069	2013	23/07/13	39	1	0	NA	1	NA	0
13-070	2013	23/07/13	39	1	0	NA	1	NA	0
13-071	2013	24/07/13	39	0	0	NA	0	NA	0
13-075	2013	30/07/13	21	0	0	NA	0	NA	0
13-085	2013	31/07/13	39	0	0	NA	0	NA	0
13-086	2013	01/08/13	26	0	0	NA	0	NA	0
13-089	2013	02/08/13	33	0	0	NA	0	NA	0
13-090	2013	05/08/13	33	0	0	NA	0	NA	0
13-095	2013	05/08/13	21	0	0	NA	0	NA	0
13-096	2013	05/08/13	21	0	0	NA	0	NA	0
13-097	2013	05/08/13	21	1	0	NA	1	NA	0
13-098	2013	05/08/13	21	1	0	NA	1	NA	0
13-105	2013	06/08/13	2	0	0	NA	0	NA	0
13-106	2013	05/08/13	2	0	0	NA	0	NA	0
13-107	2013	06/08/13	21	1	0	NA	1	NA	0
13-108	2013	05/08/13	17	0	0	NA	0	NA	0
13-109	2013	05/08/13	17	0	0	NA	0	NA	0
13-110	2013	05/08/13	17	1	0	NA	1	NA	0
13-111	2013	05/08/13	51	1	0	NA	1	NA	0
13-112	2013	05/08/13	51	0	0	NA	0	NA	0
13-113	2013	05/08/13	51	0	0	NA	0	NA	0
13-114	2013	05/08/13	51	0	0	NA	0	NA	0
13-115	2013	06/08/13	51	0	0	NA	0	NA	0
13-116	2013	06/08/13	51	0	0	NA	0	NA	0
13-117	2013	05/08/13	71	1	0	NA	1	NA	0
13-118	2013	05/08/13	71	1	0	NA	1	NA	0
13-119	2013	05/08/13	71	0	0	NA	0	NA	0
13-120	2013	05/08/13	71	1	0	NA	1	NA	0
13-121	2013	05/08/13	16	0	0	NA	0	NA	0
13-128	2013	07/08/13	10	0	0	NA	0	NA	0
13-129	2013	07/08/13	10	0	0	NA	0	NA	0
13-134	2013	12/08/13	39	1	0	NA	1	NA	0
13-147	2013	21/08/13	33	1	0	NA	1	NA	0
13-151	2013	02/09/13	21	1	0	NA	1	NA	0
13-155	2013	02/09/13	24	0	0	NA	0	NA	0
13-156	2013	02/09/13	69	1	0	NA	1	NA	0
13-157	2013	09/09/13	69	0	0	NA	0	NA	0
13-158	2013	09/09/13	69	0	0	NA	0	NA	0
13-159	2013	09/09/13	69	0	0	NA	0	NA	0
13-167	2013	17/09/13	24	0	0	NA	0	NA	0
13-172	2013	17/09/13	49	1	0	NA	1	NA	0
13-186	2013	25/09/13	16	1	0	NA	1	NA	0
14-051	2014	01/07/14	44	0	NA	NA	0	0	NA
14-052	2014	02/07/14	41	0	NA	NA	0	0	NA
14-054	2014	02/07/14	41	0	NA	NA	0	0	NA
14-055	2014	02/07/14	18	0	NA	NA	0	0	NA
14-071	2014	17/07/14	17	0	NA	NA	0	0	NA
14-072	2014	17/07/14	17	0	NA	NA	0	0	NA
14-077	2014	23/07/14	16	0	NA	NA	0	0	NA
14-078	2014	23/07/14	16	0	NA	NA	0	0	NA
14-080	2014	24/07/14	39	0	NA	NA	0	0	NA
14-081	2014	24/07/14	39	0	NA	NA	0	0	NA
14-082	2014	24/07/14	39	0	NA	NA	0	0	NA
14-083	2014	29/07/14	44	0	NA	NA	0	0	NA
14-086	2014	06/08/14	89	0	NA	NA	0	0	NA
14-087	2014	06/08/14	89	1	0	NA	1	0	0
14-090	2014	07/08/14	41	0	NA	NA	0	0	NA
14-096	2014	13/08/14	49	0	NA	NA	0	0	NA
14-097	2014	13/08/14	49	0	NA	NA	0	0	NA
14-098	2014	14/08/14	31	0	NA	NA	0	0	NA
14-099	2014	14/08/14	31	0	NA	NA	0	0	NA
14-100	2014	14/08/14	82	0	NA	NA	0	0	NA
14-105	2014	20/08/14	39	0	NA	NA	0	0	NA
14-106	2014	20/08/14	39	0	NA	NA	0	0	NA
14-107	2014	20/08/14	39	1	0	NA	1	0	0
14-108	2014	20/08/14	39	0	0	NA	0	0	0
14-109	2014	20/08/14	39	0	NA	NA	0	0	NA
14-110	2014	20/08/14	39	1	0	NA	1	0	0
14-112	2014	03/09/14	44	0	NA	NA	0	0	NA
14-113	2014	03/09/14	71	0	NA	NA	0	0	NA
14-114	2014	03/09/14	71	1	0	NA	1	0	0
14-115	2014	03/09/14	71	0	NA	NA	0	0	NA
14-116	2014	03/09/14	71	1	0	NA	1	0	0
14-117	2014	10/09/14	21	0	0	NA	0	0	0
14-118	2014	10/09/14	21	1	0	NA	1	0	0
14-119	2014	10/09/14	21	0	NA	NA	0	0	NA
14-120	2014	10/09/14	21	0	NA	NA	0	0	NA
14-121	2014	11/09/14	51	1	0	NA	1	0	0
14-122	2014	11/09/14	51	1	NA	NA	NA	NA	NA
14-123	2014	11/09/14	51	1	0	NA	1	0	0
14-124	2014	11/09/14	51	1	0	NA	1	0	0
14-125	2014	11/09/14	51	0	NA	NA	0	0	NA
14-126	2014	11/09/14	51	0	NA	NA	0	NA	NA
14-127	2014	11/09/14	51	1	0	NA	1	0	0
14-128	2014	11/09/14	51	1	NA	NA	NA	0	NA
14-129	2014	11/09/14	51	0	NA	NA	0	0	NA
14-130	2014	11/09/14	51	1	0	NA	1	0	0
14-135	2014	19/09/14	46	0	NA	NA	0	0	NA
14-140	2014	08/10/14	33	0	NA	NA	0	0	NA
15-082	2015	01/07/15	64	1	0	0	1	0	0
15-083	2015	01/07/15	39	0	0	1	0	2	0
15-084	2015	01/07/15	39	1	NA	0	NA	NA	NA
15-085	2015	01/07/15	39	1	0	0	1	1	0
15-086	2015	01/07/15	39	1	0	0	1	0	0
15-087	2015	01/07/15	39	0	NA	NA	0	NA	NA
15-088	2015	01/07/15	39	1	0	0	1	0	0
15-112	2015	04/08/15	44	0	0	NA	0	0	0
15-114	2015	06/08/15	44	0	NA	NA	0	NA	NA
15-115	2015	06/08/15	44	0	0	NA	0	0	0
15-116	2015	08/09/15	33	0	0	0	0	0	0
15-125	2015	16/09/15	33	0	NA	NA	0	NA	NA
15-128	2015	17/09/15	33	0	NA	NA	0	NA	NA
16-038	2016	01/06/16	26	NA	NA	0	NA	NA	NA
16-095	2016	30/06/16	64	0	0	0	0	0	0
16-108	2016	06/07/16	18	0	0	0	0	0	0
16-138	2016	18/07/16	33	0	0	0	0	0	0
16-141	2016	19/07/16	21	0	0	0	0	0	0
16-146	2016	20/07/16	18	0	0	0	0	0	0
16-147	2016	20/07/16	71	1	0	0	1	0	0
16-148	2016	20/07/16	71	0	0	0	0	0	0
16-149	2016	20/07/16	71	0	0	0	0	0	0
16-150	2016	20/07/16	71	0	0	0	0	0	0
16-158	2016	22/07/16	41	0	0	0	0	0	0
16-162	2016	27/07/16	89	0	0	0	0	0	0
16-163	2016	27/07/16	89	0	0	0	0	0	0
16-164	2016	27/07/16	89	0	0	0	0	0	0
16-167	2016	28/07/16	81	0	0	0	0	0	0
16-168	2016	28/07/16	17	0	0	0	0	0	0
16-169	2016	28/07/16	17	0	0	0	0	0	0
16-170	2016	28/07/16	51	0	0	0	0	0	0
16-172	2016	28/07/16	51	0	0	0	0	0	0
16-174	2016	28/07/16	51	0	0	0	0	0	0
16-175	2016	28/07/16	51	0	0	0	0	0	0
16-176	2016	28/07/16	51	1	0	0	1	0	0
16-178	2016	28/07/16	51	1	0	0	1	0	0
16-179	2016	28/07/16	51	1	0	NA	1	0	0
16-182	2016	10/08/16	44	0	0	0	0	0	0
16-183	2016	11/08/16	21	0	0	0	0	0	0
16-184	2016	11/08/16	44	0	0	0	0	0	0
16-185	2016	11/08/16	18	0	0	0	0	0	0
16-186	2016	12/08/16	51	1	1	1	NA	1	1
16-187	2016	11/08/16	51	1	0	0	1	1	0
16-188	2016	11/08/16	51	1	0	1	1	1	0
16-193	2016	21/07/16	81	NA	NA	0	NA	NA	NA
16-194	2016	16/08/16	81	NA	NA	0	NA	NA	NA
16-196	2016	18/08/16	49	0	0	0	0	0	0
16-197	2016	18/08/16	49	0	0	0	0	0	0
16-198	2016	17/08/16	79	NA	NA	0	NA	NA	NA
16-203	2016	23/08/16	81	0	0	NA	0	0	0
16-206	2016	24/08/16	68	0	0	0	0	0	0
16-206	2016	22/08/16	68	NA	NA	0	NA	NA	NA
16-207	2016	24/08/16	67	1	1	NA	NA	1	1
16-208	2016	24/08/16	67	NA	NA	0	NA	NA	NA
16-209	2016	24/08/16	67	1	0	0	1	0	0
16-209	2016	24/08/16	67	NA	NA	0	NA	NA	NA
16-210	2016	24/08/16	39	1	0	0	1	0	0
16-211	2016	24/08/16	39	1	0	0	1	0	0
16-212	2016	24/08/16	39	1	0	0	1	0	0
16-213	2016	24/08/16	39	0	0	NA	0	0	0
16-214	2016	24/08/16	39	1	0	0	1	0	0
16-228	2016	08/09/16	49	0	0	0	0	0	0
16-228	2016	08/09/16	49	NA	NA	0	NA	NA	NA
16-230	2016	18/09/16	17	NA	NA	0	NA	NA	NA
16-248	2016	05/10/16	67	NA	NA	0	0	0	NA
16-249	2016	05/10/16	68	1	0	0	1	1	0
17-079	2017	05/07/17	18	0	0	0	0	0	0
17-080	2017	05/07/17	18	0	0	0	0	0	0
17-083	2017	13/07/17	64	1	0	1	1	1	0
17-090	2017	19/07/17	24	NA	NA	0	NA	NA	NA
17-092	2017	26/07/17	89	0	0	0	0	0	0
17-093	2017	26/07/17	71	1	0	0	1	0	0
17-094	2017	26/07/17	71	0	0	0	0	0	0
17-095	2017	26/07/17	71	0	0	0	0	0	0
17-096	2017	26/07/17	71	1	0	0	1	0	0
17-097	2017	27/07/17	21	1	0	0	1	0	0
17-098	2017	27/07/17	21	1	0	0	1	0	0
17-099	2017	27/07/17	21	1	0	0	1	0	0
17-100	2017	27/07/17	21	0	0	0	0	0	0
17-101	2017	27/07/17	32	1	0	0	1	0	0
17-102	2017	27/07/17	32	1	0	1	1	0	0
17-103	2017	27/07/17	32	1	0	1	1	0	0
17-104	2017	27/07/17	32	NA	NA	1	NA	NA	NA
17-105	2017	27/07/17	51	0	0	0	0	0	0
17-106	2017	27/07/17	51	1	0	0	1	0	0
17-107	2017	27/07/17	51	1	0	0	1	0	0
17-108	2017	27/07/17	51	0	0	0	0	0	0
17-109	2017	27/07/17	51	1	0	1	1	0	0
17-110	2017	27/07/17	51	1	0	0	1	0	0
17-111	2017	27/07/17	51	0	0	0	0	0	0
17-112	2017	27/07/17	51	1	0	0	1	0	0
17-113	2017	27/07/17	33	0	0	1	0	0	0
17-117	2017	01/08/17	17	0	0	0	0	0	0
17-121	2017	03/08/17	39	1	0	0	1	0	0
17-122	2017	03/08/17	39	0	0	0	0	0	0
17-126	2017	07/08/17	32	1	0	1	1	2	0
17-127	2017	07/08/17	32	1	0	0	1	0	0
17-129	2017	17/08/17	64	0	0	0	0	0	0
17-135	2017	01/09/17	24	1	0	0	1	0	0
